# id	left	top	right	bottom	texture_id
[SPRITES]
#################MAP#####################
90000	3	40	238	203	90
90001	3	213	238	376	90
90002	255	213	490	376	90
#################TITLE###################
#background
90010	1	233	362	456	100
90011	393	233	756	456	100
#curtain
90020	1	1	362	182	100
#game title
90030	328	485	581	566	100
#3
90040	193	977	236	1020	100
90041	239	977	282	1020	100
90042	286	977	329	1020	100
90043	332	977	375	1020	100



[ANIMATIONS]
#MAP
24000	90000	700	90002	700	90000	700	90001	700

#TITLE BACKGROUND
24010	90010	2000
24011	90011	2000

#CURTAIN
24020	90020	2000

#GAME TITLE
24030	90030	2000

#3
24040	90041	2000
24041	90040	100	90041	100	90042	100	90043	100	90042	100	90041	100