# id	left	top	right	bottom	texture_id
[SPRITES]
20001	372	153	387	168	20

#QBrick
20002	383	997	400	1014	70
20003	401	997	418	1014	70
20004	419	997	436	1014	70
20005	437	997	454	1014	70

#null brick
20006	499	533	516	550	70

#glass brick
20010	311	997	328	1014	70
20011	329	997	346	1014	70
20012	347	997	364	1014	70
20013	365	997	382	1014	70

#wood
20014	1504	336	1519	351	50
# ani_id	sprite1_id	time1	sprite2_id	time2	...
[ANIMATIONS]
#wood
9999	20014	1000

#brick null
10000	20006	1000

#brick that create coin
10001	20002	500	20003	500	20004	500	20005	500

#brick that create mushroom and leaf
10002	20002	500	20003	500	20004	500	20005	500

#brick that create button
10003	20010	500	20011	100	20012	100	20013	100
#unused
10004	20002	500	20003	100	20004	100	20005	100

