# id	left	top	right	bottom	texture_id
[SPRITES]
#################RED######################
#MOVE
60000	3	180	20	213	40
60001	22	180	39	213	40
#STOP
60002	41	180	58	213	40
60003	60	180	77	213	40

#################GREEN####################
#MOVE
60010	147	742	164	775	70
60011	165	742	182	775	70
#STOP
60012	147	742	164	775	70

#################GREEN_2####################
#MOVE
60020	144	834	161	867	70
60021	162	834	179	867	70
#STOP
60022	145	834	160	867	70



# ani_id	sprite1_id	time1	sprite2_id	time2	...
[ANIMATIONS]
#RED
12000	60000	200	60001	200
12001	60002	100
#GREEN SHOOT
12010	60010	200	60011	200
12011	60012	1000
#GREEN
12020	60020	200	60021	200
12021	60022	1000