# id	left	top	right	bottom	texture_id
[SPRITES]
#######################RED######################
#WALK_RIGHT
80000	128	209	145	244	40
80001	150	209	167	244	40

#WALK_LEFT
80002	85	209	102	244	40
80003	107	209	124	244	40

#STOP
80004	173	216	190	233	40

#POP_OUT
80005	256	216	273	233	40
80009	257	216	274	233	40

#BOOST
80006	193	216	210	233	40
80007	213	216	230	233	40
80008	234	216	251	233	40

#STOP UP
80010	277	216	296	233	40

#POP OUT UP
80011	361	216	378	233	40
80012	362	216	379	233	40

#BOOST UP
80013	298	216	315	233	40
80014	318	216	335	233	40
80015	339	216	356	233	40
#######################GREEN######################
#WALK_RIGHT
80100	128	247	145	282	40
80101	150	247	167	282	40

#WALK_LEFT
80102	85	247	102	282	40
80103	107	247	124	282	40

#STOP
80104	173	254	190	271	40

#POP_OUT
80105	256	254	273	271	40
80109	257	254	274	271	40

#BOOST
80106	193	254	210	271	40
80107	213	254	230	271	40
80108	234	254	251	271	40

#STOP UP
80110	277	254	296	271	40

#POP OUT UP
80111	361	254	378	271	40
80112	362	254	379	271	40

#BOOST UP
80113	298	254	315	271	40
80114	318	254	335	271	40
80115	339	254	356	271	40
# ani_id	sprite1_id	time1	sprite2_id	time2	...
[ANIMATIONS]
#######################RED######################
#WALK_RIGHT
16000	80000	150	80001	150
#WALK_LEFT
16001	80002	150	80003	150

#STOP
16002	80004	100
#POP_OUT
16003	80009	40	80004	40
#BOOST
16004	80006	70	80007	70	80008	70

#STOP UP
16005	80010	100
#POP OUT UP
16006	80012	40	80010	40
#BOOST UP
16007	80013	70	80014	70	80015	70

#######################GREEN######################
#WALK_RIGHT
16100	80100	150	80101	150
#WALK_LEFT
16101	80102	150	80103	150

#STOP
16102	80104	100
#POP_OUT
16103	80109	40	80104	40
#BOOST
16104	80106	70	80107	70	80108	70

#STOP UP
16105	80110	100
#POP OUT UP
16106	80112	40	80110	40
#BOOST UP
16107	80113	70	80114	70	80115	70