# id	left	top	right	bottom	texture_id
[SPRITES]
#red
71000	566	994	583	1011	70
71001	566	993	583	1010	70
71002	566	992	583	1009	70
71003	566	991	583	1008	70
71004	566	990	583	1007	70
71005	566	989	583	1006	70
71006	566	988	583	1005	70
71007	566	987	583	1004	70
71008	566	986	583	1003	70
71009	566	985	583	1002	70
71010	566	984	583	1001	70
71011	566	983	583	1000	70
71012	566	982	583	999	70
71013	566	981	583	998	70
71014	566	980	583	997	70
71015	566	979	583	996	70
71016	566	978	583	995	70
71017	566	977	583	994	70

#green
71100	548	994	565	1011	70
71101	548	993	565	1010	70
71102	548	992	565	1009	70
71103	548	991	565	1008	70
71104	548	990	565	1007	70
71105	548	989	565	1006	70
71106	548	988	565	1005	70
71107	548	987	565	1004	70
71108	548	986	565	1003	70
71109	548	985	565	1002	70
71110	548	984	565	1001	70
71111	548	983	565	1000	70
71112	548	982	565	999	70
71113	548	981	565	998	70
71114	548	980	565	997	70
71115	548	979	565	996	70
71116	548	978	565	995	70
71117	548	977	565	994	70

# ani_id	sprite1_id	time1	sprite2_id	time2	...
[ANIMATIONS]
14000	71017	100	71016	100	71015	100	71014	100	71013	100	71012	100	71011	100	71010	100	71009	100	71008	100	71007	100	71006	100	71005	100	71004	100	71003	100	71002	100	71001	100
14001	71001	100

14100	71117	100	71116	100	71115	100	71114	100	71113	100	71112	100	71111	100	71110	100	71109	100	71108	100	71107	100	71106	100	71105	100	71104	100	71103	100	71102	100	71101	100
14101	71101	100