# id	left	top	right	bottom	texture_id
[SPRITES]

75000	60	88	73	97	60
75001	74	88	87	97	60
75002	89	88	102	97	60
75003	104	88	117	97	60
75004	119	88	136	97	60

#1up
75005	194	88	211	97	60

#coin_shining
75006	520	48	525	53	20
75007	527	48	534	55	20
75008	535	47	552	54	20

#dust
75009	545	21	558	34	20
75010	560	21	573	34	20

# ani_id	sprite1_id	time1	sprite2_id	time2	...
[ANIMATIONS]
19000	75000	1000
19001	75001	1000
19002	75002	1000
19003	75003	1000
19004	75004	1000

#1up
18999	75005	1000

#coin_shining
18998	75006	30	75007	30	75008	30

#dust
18997	75009	150	75010	150