# list of object assets to load in this scene
[ASSETS]
mario.txt
coin.txt
cloud.txt
brick.txt
goomba.txt
#
[OBJECTS]
# type	x	y	extra_settings per object type
# type: 0 = Mario , 1 = Brick, 2 = Goomba, 3 = Koopas
# See OBJECT_TYPE constants in AssetIDs.h

#PORTAL
50	300	160	216	180	1


#COIN
4	100	120	11001
4	120	120	11001
4	140	120	11001
4	160	120	11001
4	180	120	11001


4	100	100	11001
4	120	100	11001
4	140	100	11001
4	160	100	11001
4	180	100	11001

4	100	80	11001
4	120	80	11001
4	140	80	11001
4	160	80	11001
4	180	80	11001

#PLATFORM
#    	x	y	cell_w	cell_h	length	sprite1	sprite2	sprite3
5 	-10	194	15	200	1	53002	53002	53002 
5 	20	194	48	17	14	53001	53001	53001
5 	676	186	15	34	1	53002	53002	53002
5 	690	186	15	34	33	53003	53003	53003
#5	140	140	16	15	26	53001	53001	53000
#Background
#    	x	y	cell_w	cell_h	length	sprite1	sprite2	sprite3
#Bushes  
5 	180	178	17	17	3	54000	54000	54000
5 	725	161	17	17	6	54000	54000	54000
5 	1140	161	17	17	2	54000	54000	54000
#Hills
5 	85	154	129	65	1	54001	54001	54001
5 	960	137	129	65	1	54001	54001	54001
5 	1056	145	69	51	1	54002	54002	54002
#Colorbox_1
5 	300	147	89	81	1	54005	54005	54005
5 	260	141	5	5	9	53004	53004	53004
5 	293	110	5	5	9	53004	53004	53004
#Cloud
5 	150	50	51	25	1	54004	54004	54004
5 	365	30	35	26	1	54003	54003	54003
5 	725	60	35	26	1	54003	54003	54003
5 	825	90	51	25	1	54004	54004	54004
#Pipe
5 	390	162	33	48	1	53005	53005	53005
#Colorbox_2
5 	543	130	219	115	1	54006	54006	54006
5 	442	140	5	5	15	53004	53004	53004
5 	554	157	5	5	18	53004	53004	53004
5 	505	108	5	5	12	53004	53004	53004
5 	553	77	5	5	12	53004	53004	53004



#BRICK AND Q COIN

1	200	130	10001
#4	200	130	11002
1	215	130	10001
#4	215	130	11002

1	250	85	10001
4	250	85	11002
1	265	85	10001
4	265	85	11002

4	460	100	11002
1	460	100	10001

4	710	161	11002
1	710	161	10001
4	760	120	11002
1	760	120	10001


#GOOMBA
2	300	10

#MARIO
0	120	10



